1191111111 967

91119111.Ι).·891.81.Ι.966. 89999699911190.

ΙΙΙ.1 1199 91119111 The· 8999119 9991111119 11197,111·

(1911..6966,11199119110· 619,1’6.

1119991111.1963,111991)11. 8911111111,9911111191119111911ΙΙ

1ἒέ 111011010101100110 ’.1101οἑ 11111610 6101101010 ’60

8911197 911 ΙΙΙ. 193.· 8991969111. 119.
1911991161991111.89 899199619111, 998.
19119191911111.118. 89919911991111111.1ο,99.
19119111 911911191191191. 934. 8991191191 ΙΙΙ 68 ,9161111619
19169997119111195. 39,11111(11919119,659. ’
19169199 ΙΙΙ. 96. 8991, 169 111197..
8916969119119111. 95. 89919611197..

89169117 busb 111. 97. 8911911111. 96, album, 16,,
1111111111 118,· 2 1116111111,1’6.
8911971.191,11191191111169. 8911911,69961·911119991111911146.
89191191916. 84. 89161116, gemeiner 111. 91.
89191191911111111 41. 8911191991119111. 195.
8911991911111. 53. 8-9111-979111. 96.

8111719 9191191119 8961. ΙΙ 83, 891191199991. 119.
11117111911991. 86. 6”’811191191191.119.1

8117191 9191191911 ΙΙ. 84. 891111 1119191111. 96, 191991,

89111,1119 1οι111119111119911.97.--

118,111111111. 49. 8999619191111911911 133.

8911119 1911199111.118. 89119119 ΙΙΙ. 36. ·

Basilicum 1. 118, 1919191919 8911111111111. 191. ,

ΙΙΙ. 96. ’ 8911191111. 191.
89111998191111. 116. ’ 8999191991 ΙΙ. 49.
8119191991 111. 134, 119111911- 89111111919119119119 ΙΙΙ. 35, 69.

1199991191,16.81111961.111.

1199196111οό16. 13. 8991911111911.4ο.

89111119 119 91111111111991, 89169111111.97,111199111, 16.
(1969791111, 159, 1198911,8911191111911111911511 ΙΙΙ. 97.
934. , ¹ 891991199161111 ΙΙΙ. 39.

8111119119Ι ΙΙΙ. 63. 8919916111, 1110169 ΙΙΙ. 69.

8971169991919091119911991. 891796919111143. “

81911199111. 96. 8919111919111. 39.

811111619911111997771 HI 89119911111119119111911197.

81111199,11119918979919781199,

8911119119 11197.

8116161699 91111. 57. 8111111191. .

89111169 99111911 ΙΙΙ. 57. 89119 a 1991119161191191 111.

89991191911111911111111119111 197,11911“11]91·9, 198.

1191161Ι 61996 ΙΙΙ. 19, 9911111, 6636191611 61668466
891911919111119 1141.

11111111111111 111 11111111. 111, 1111111111, 111.

 

