300 111111
11011101 01111 1 178 111. 170 ,6710111000 10101190

1101101111111 .18. 110110,1
1110111011 1 1101111 1011901111. 17. 11111101 11011111. 90.
Mousetaid lll. 49. 1111100 1. 311.
3101111110 1. 179 111110101111711111010 l. 311.
11011 011110111111111 111. 11. Μ1110111111. 1.
1111011190 (10 7071111 (10 001119 1111111011)Ιὺίῇ Ι1 106,,171-
11. 197, 01 quince 111οά, 11. 01111110, 111. 91.
1111011170 gummi arabici 11 1101001111ἀο 101110110011111.
197, 0710010111 1001111911, 151.
1111111111111111191.. 1111111111ῗί1Ὲέ ,’ ἓξ
1111111,1 , Ι011111011110,91,010·(11110,ι.,
1111911011111.11. 9111100πί01, 111., 9711111
1111111011100111 111. 53. Ι1111,,91.
Μ1111101171100 0011111011 111. 1100110011, the 7079018111
Μι1111111, 710111 301. ” 111111111111111191.
1111110010 111 39. 1111111111 1 311.
Mangos 11. 90. Μ111111011111 111. 9.
11111110, 11101110, l. 113, 11111- 1110111111, the hedge, 111. 55
kende 111. 87. Mutterharz 1. 177.
Murius ammoniae 1 69,1111- 111011011111111. 111.
(11011110 deputat. 11. 7ο, 111- 111111101111111111111. 36.
17110, 83, 011011,81, 10111, Μ1111170111 111 69.
117, 10111,11(7111111(11,,118, 11111111110111, 311. .
fonto-ammoniacale119, 117- Myagrum 11191, sativum, 11 ¹
drargyri, 99, 11 (1111971, 1170101111177111111. 49.
basi 017111117170111011, 101, Myrina 00111011 111. 91, gale,
1171111191111 01711170110 93, media 1110111111, 1.
(11, 99, (11119. 01171111· 1171101 wachsgebende 111). 91

11, 101,1117(11. 0117900111, Μ7111110111011111101Τ11111111017-

99117111. 11111οηὶ10110, 108,
7111111111001101001110111111, walis 1109.,.111.
199,11111191110111 1. 79, pla· Myrobalana 111.91,111111116(
11111111111111111 2111ῗὲ 1111111211
¹undae ’1119111 11. 89, 10 1171011101( 7011111οω11 1 131-
(107.01110011011, 1111111111 Myrrha 1. 118.

1. 3,1111)11,11.143. 1117110 1 0111110110 111. 91,
1101111οᾰ1111711101111171100110 commun, 93, 01110110, 11.
191 1111111010 11. 110, d' 111· Myrtenheide-postffin. 93.

1111101110, 113, de (1111111, 81, Μ711111111 111. 93.

10111 118, (101110101110111- Μ71110 common 0111110111οη
blane, 99 , 11110117ου1 (10 1191.

1110101110 , 11., (10 71111110, 1171111111111111111 111. 93, 00

. 117, (1100011111, 111., 011101·

 

