NOMINUM

1111 10111111 11. 71, 01117· 81111101
1111101, 71, 0111011101, 5 , 1101110
111 completely 0111011101,

54, 1111111101, 77, 111110-

111111, 66, sulphureum, 11.,

1101111111111., 75.
ἱ1111111111711011,011171. 11 71.
11111, 1111111701 1 63.
1111111181.
1111111111100.
1111110017111171111 111. 10.
11111011 117.

1111111110, 1001110110 1. 138,

wide 111. 30.

111191110111 70110010 111. 33.
1111911000110, vliegdoodende

111. 13,7091901110,·111.
1111911111οκ 1131. ·
810191111111111 111 31.

&an ,110110111711164
811111 l. 151.
81901011011110111. 31.
81719011 111. 31.
Kapuzinerblume 111. 95.
8111111011 1 131.
Kardebenedict l. 131.
81817111111111111110, 1111001111.
Kardobenedicten 1. 131.
8110011. 165.
81101111111. 13.
8111111110 1. 13 .
81111111111111111 ll. 37.
Kahnjeboom 111. 37.
8111111111 1 119.
8111071001 111011111ιί7 111. 63.
811100111111. 110.
811101111111101 119

8111011 10111111 mit 01101111-

1111 1010111011111131163.
8101100110 111. 4 .
801101110011111. 45.
8111011111 1 311.
80111111111. 116.
80110111007111. 111.

191
91713711 111, ..1-

8011, 710010 1 1111110111 111
, 110111οἰ01110, 83, wil-

8111111801 111038. ‚¹

8011101, 7113117170 1111110111.
31

8011111 11. 184.

8001111010110, 7011101110 1.
143. 111. 111.

81110111 169

801101111111111 111 14.

81010181. 106.

880111111οω110 111. 73.

8111011011, bruineland 111. 151,

K 771190111οι 7111111· , 111.

81117 1101111, good 111. 19.

811101 198.

Kirschbaum 111. 38.

81111110, 1111111011 111 83.

81110111011110111111111 1. 100. “

8111111111, 7111110110 1. 118.

81199111001 1. 131.

811110110101. 131.

811111 100110 111. 136.

81110111111117 101111. 130.

8101111111 111 19.

8101111011111. 19.

81111101 1. 81.

8101101101101 1. 118.

81111011, 11101110 111. 141.

8171 ΙΙΙ. 65.

8111117011 111 168.

8111 1101111110001111101111170.

8101111011 1 101.

Knohlauchkraut 111. 15.

8101111071, 111110001170 111.

8151110011. 101.

· 810110011111111111 15.

81010117, 7911101111· 111. 104,
8101711111 . 38.
8001101011 1 161.

80110110010, amerikanisohe Roekkesblum 111. 34.

111 105.

8011111111 1. 163.

 

