00011100 “

Blutygel 111. 144.

Bty 1. 83.

Bocbbart 1111 15.
8011111011 1. 174.
Βο11110, 1111110110111. 81.
8011000810111 ΙΙΙ. ’4. -
801100011901111. 57.

269

' 8001101010 1. 198.
8011111. 111.
8011100111. 31.
811110001001. 111.
-·8111111’7011. 137.
8111 sec 1. 156
81110110, 1110 dwarf 111. 118,

Bois 10 0101900110 1. 116, 10 11ιο mountain, 39
0011100110 111. 78, de 1111101 8111011001, 01180181111190 111.
111. 46, gentil. 1. 115, 10 39.

St. Lucio ΙΙΙ. 83, 11090101,

811001 011101 111. 19.

17 , 10 1111010, 78, 10 10· 81100100111108111110111. 19.

sc, 11.

81101000101, 910010 111. 139.

801010 1101100 1. 101, 010- 8111101101. 180.

rant 111. 18.

Baletus 00111001 111. 18, 19011-
11111 1. 101, pini laricis 111.

11, 0011001001, 18. ’

8010101, the 1000110001 l.
100. ·

8019110111111. 139.
1300111011 111. 139.
800110011111119. «
8009110111 1111011110 1. 108.Ι
Bonus 1100110111 111. 19. 1
800101101111.’13. ’ ”
80010001 111. 63.
0011001111. 15.Ι ’·
801190,1110111.19 ’ ·
80119081. 29,- 0110101111,· 11.
80111 8711119711 1111 171 ,’ 11-
110110111001111. 61. ’
80111 1. 61. “
8011111010 111. 164.“ · *¹
8011011011 111. 19.“ ’ '¹ '¹
801110111101111. 41. · ’
Romanius 11711119. 111. 171.
8011101111 domesticus 1. 318.
801110, 1110111110 111. 47.
8011711100110101111 19,101·
91111, ib.
Boffiillog blano 1. 301, noir
.1 .
800101091. 111.
80019100· 111. 19. ’
8001111110 111. 19.Ι
800110 10 pastea? 81. 30. ·

’1

8110101170 ,1. 180.
81101 1100100110 1. 173.

’81111117 1. 180.

8111110110111. 78.
81111110011011 111. 78.
81111110080111111. 78.
Brassica 01101111. 54, napus,

01

· 1011011 111. ιιι.

8110011010 1. 80.
8110011011, 9001010018. 114.
81001100ἰο ll. 137.
Brechweinstein 11..144.

’ 810010001101 1. 196.

8100001101, grosse 81. 139.
8100011101 1. 171.
8111180110801010111110111. 78.
8111011000 1. 90.
-811110111011 113.

80111 0011011114.

&wize 1101111010 1. 14,
8100111110οΙ. 119.

810001, common 1. 179.
81001011ρο 111. 98.

810001 1011171001011011. 108,

ferruginea, 11.
81001111101111. 68.
8111100110 18. 111.
811111111οε0 1. 80.
81000001101101. 119.
8101180010111. 71.
81071110 111. 54.
8170001. 113.

23* „

 

