1101111111 , 161

Aesculus 111991111111111 1. 81110111111.101,11071111.
811811 1111110111 11. 141, ace· 11,, ds? ΙΙΙ111111 ι1111 (11141114

111111111111111111, 111., mu· 140,1111 89. -

11111111 1110110110111, 140, 8111111111. 7. .

1111111111 188, 1111110111 11111- 8111111 01011111 111. 141.

1111110111, 139,1111911111111, 81111111. 14. .

235, 11191111111 1111011011· 8411911111 Willden 111. 73, py-

1111,138,111191111111111711101- 11111111111, 48. ·

9111111111, 9, 111911111911 8111137111. 10.

ffizsfflztsusalgilffitnhzb: 81111111111111111111111171, 100· ¹

11111111, 135. 10191, 44, mit Weidenbla't·
Aethiops 1111110111111 11. 141, 11111, 19 , 1119811119, 11.

martialis, 318, 1111111111, 811111011111. 188.

96. , 81111111111. 188.

81111111 1711911111 111. 48, 811111819111111111111. 81.

meum, 88. 8111111111 111. 151, 1911810111)
8111111111 11111111 01911111111 11. 138.

111. 88. 811111 mium-ale 11. 57, 1191-
81111111. 79 ,, 11111111. 119,11111111111-
81111111111 11. 47. 11111160. =
Affodil, aestige 111. 11, 11111- 8111111, 1111111 111.. 78.

cissus 10111101, 94, wit· 8101111111 ,10111, 84.

te, 11. 81111111. 8 .

8111111111 111. 181. , 811111111111111.14,111191111,111.
811111111111111. 89. 81101101 11. 181, 1111111111111
8911111111. 18, the hug, 111., grad. xxxu et xxm, 111.,

901111, 11.,111-111111111,11. 11191111110-11111111111 11111 ,
89111911 1111011111. 11, mps- 111, 11191111111111111111

Ξ11111Ξέ11 111 10111Ξὶ11111ἓι11 11111 8111111413ξ11ὲ111111 1111171111Ι

1111110011.1. 111 .. -.
89111111. 18. · 8181181111 111. 15.
Agave 8111110111 111. 18. 8111118111 common 111. 118· „
8911111111 111. 13.’ 8111111 plantago 111. 11 .
1311711111. 1 811111111181111111111477.
89111111 11111111 111. 14. 81111111 111. 14.
8911110111111111. 14. 81111111 spuria 111. 14, vm
8911111111 1. 101. ib.
8911101111.101,1119111111, 8111111191111. 15. -

ih. , 811111111111111111111111111. 140..
8911101111. 101. , , 81111111111. 15. ·
8911110171. 101. 81111111111.15.. . ¹
8117111111 111. 34. ¹¹ 81111111 ascaloniam 111. 88,
81011, 11111111 111. 10, 1110- cepa 1. 137, magicum, 111.

11191111181 , ib. 89, 11017, 11., 91111111, 110,

 

