068 1011111

..11110 11, 1, 110111
rubra, 111. , . 3111011111. 100.
3010100111. 07. , 31110110 1. 100.
3010010111. 07, 0110100110111. 311101110111100111, tummim
· 301007111. 17. ·, 1. 045.
3010111 1. 111,.1110, 11., al· 31110119000111. 57.
nus 31. 15. 3111010111 1. 88.
300110 1. 310, de 00000 11. 3111011011 ,1. 88.
. 000,<1’01111001110, 143. 31110101101110,10111011111.80
1101019011 1. 314. ,, 311101011111011901 1. 169.
30101001311011101111. 105. . 3111000001 1. 169
3000111100 1. 179 3111000101, 1110 spring 11130
31101111 1. 310. “ 311000 de 1011όο 111. 5.
3000101001011111. 134, 00· 3111011111, 3001οἀ 11090111
. 01800101111.310,0110010111, 111. 46.
ib. 3100301100 111. 93.

’ 30100111οὒ00 1. 310. 3101110011 111. 6.
300001110οη 1. 310. Ι 3101110101. 156.
3010101101οΙ. 310. 3101111101· Ι. 61.

3111101111. 08, 001000, 11., 31100 de 11010100 1. 303, cb·
’1111111 Γ111111111111. 11, ,111. 311011 '⁴⁷’ ὼ ΡΜ
111έ, ih, 1110 1111111, 33. 3101111110 111. 08. ,
,311110117, 11101011.111. 141. 3101011301· 1. 61. ¹
3111001001 1. 193. Κ3111011011 1. 106.
311100110111 1. 193..1 3100111010 1. 000.
31011010 111, 7. 3100 berry, common 11191·
3111800111, 11111100 111. 109, 31011. 83.
1110101011, 44, 1110190110 3101 , 1111111901 011191. 11. 117Ι
01011111, 137. 3101911110 1. 81.
3104011001, dan 4111111ςο 111. ,3101110111 1. 81.
87. . 3101101101 1. 58.
3111 01110111, 10011711 111. 87. 311100 13. 08.
311 1. 101. ’ 3101100101· 111. 164.
31111 cherry 1100, 1110 com· 3100311013 ul, 75 100.
mon 111. 100. · 3100301901 111. 14.
3111110011, round, 1. 111, 3100011011, 3008310819. lll-
1110 spanish branching 0100· 33.
01011111. 107. · 3101101100 1. 306.
310011. 300. 3100111101ιο 1. 79.
31100 10101 111. 73. 31001 111. 47.
31001090111111. . 311111100δὶ010 111. 70.
31001101011101100801 111. 60. 3100001010 111. 33.
31011031011110111. 33. 3101009101111. 78.
3111110111 00011 9100101111. 16. 31011001 111. 100.
3111109011 111. 189. muntem 79.

 

