⁸ 33101011011 111. 16.

330

mm

3391111010δο , 3110001001ὠο 1301111011 11185.
. 11.

3301011101 190.
3301011010, gereinigter 11. 76.
Weinsteinr'ahm 1. 161.
13010110101111110 11. 38.
3301011011 11111901 111. 113.

1311011010, 00101001 199
13011111οη111. 117.

3301100 1111110101· 111. 141.

3301010111, 1100ῑί101101 111. 9.
33110111 011,00111111001183.
331010113101110 111. 91.

33ίά0111100, 90111001 111. 11. ,

Widowtail 111. 96
3310110011 1. 111.
33101001100, 1011101· 111. 136.
Wiesenkfinigin 111. 138.
3310100111110111 34.
3310100001110111. 36
131010011010, gelbo 111. 133.
331191. 160. ἃ
13111011 herb 0001111011 111. 81.
3310110, 910010 111. 43.
131001011οι10 11, ¹37·
Wintera aromatica 1. 305.
13101011001 cortex 1. 305.

3310101ὴο010, virgin. 111111.

Winterberry, (1001110001 111.

1115110011111. ¹.⁵·
13101010111111111. 16.
1310101910εο, 10011 leav'd 111.
3311131191ϋο, (1011100161ιο. lll.
113,1110111111111·, 111.

33ίο1011101εο 111. 16.
Wintertnrw 1. 195.
Winterweizen 1. 195.
wintheruheat 1. 195.
wirb'eldoste 111. 41.
1311010111 l. 61.
3311101601 1. 86.
Woad 111 711
130111111101111. 111.
1301160110 111. 101.

3301110011, 01111οω19 111. 55,
11131111 11333 ⁵⁵
3301119001111. 85.
13011111οη heerwagen& 111.
ο.
3351111101 1. 301.
1301111016, 1111111 111. 139.
130011011100011. 150.
330011111πί11, 110111001011 111. 43.
1300610010 atrise 111. ¹7·
1300111001, 111003 10001111 111.
11. “
330110111111 l. 180.
13010110οἀ L 164.
Wormwood. 100110 111. 9.
1301101111 1. 164.
1301110110111, 1101111. 198.
1300011011, the 1111011010 111
131133011111100 111. ²7·
Wunderhaum 1. 160.
13Σὲ1111101, 1111111011ώο1 111
1300011110οῃ 1. 164.
Wiitherich 111. 41.
Wyn 1. 301.
13101ηο 1. 97.
Wyngwd, 1111110 1. 113.
13γο11000 1. 190.

· W nsteenrabm 1. 161.

1011011οι001 11. 38.
311οῑ1001 111. 141, 01101111ῐί1110,
11116οω0. 10. 10.

’ 119111111141.
’ 3011101111. 51.
’ 3001131010111101. 311.

3011 1100 111. 131.

3111111111 1. 114.

311010, 1011001111. 80.
3001 1. 65.

3101111111 111. 139.
3110110111011061110111. 51.
1111011011 111. 56. ·
201101001111011111. 141.

 

