190 11111111

318,111111170011111 1111111171 1011117111 111. 5.

1111, 819, 90111111 in go· Johannisbeere 101111 1. 150,
1101111011 1148, 1119111111 1111111111, 14
111-1.11”111131.1111 11111111’111.,“’7·

111111 ’11111 uteri, 131, 1ο11111110111193.
ex tere 1111111111Ι 1111111101 ,1011100111 111 14.
Dethardingii l. 2 1. Judendorn 111 100.
111111 (17111111111111144, ger· sudenkirschen 111. 15.
1111111101, 71, 1111111111 1. Judenpech 111 5.
188, 111111111111. 19 Juglans 1113111111. 71, regia, 71.
1111111, the meadow 11144, 31411111111111. 71.
1

the ·willow leav'd, 1 1171111111 commun 111. 71.
111111111111111111111111. . 1111171111 1111101110 11111111ῑί10
11119111111111111171, 1101111- 11. 19, nitrosum 1170111,

111111.197,10111111111111111 15, 1 11111111. L. 1. 64,
114111118111111, 111., 111111111111

1ἪῊ1ἭΉΜ1

king, 11, 71110111 11. Junipertree 1 ¹97·

11011 1. 65, 1111110ῃί1116 11. Juniperus communis 1. 197,
110, 1111191, 113, 11111111- Lycia, 111, oxycedros,
1111,118,111171111111111, 115. 163, 1111111111. 119, thu·

111111 1111010111 111 71. 1111111. 111.

11071. 1 4, Jppiter 1. 83. ,

111110111111111. 73, 1110111111 cepae 1. 137, 11

11111111 Ν1111011111111. 73. 111110111111111111111111111111

111 101111111187. 111.151,111111101 1111111,

lvy 1. 65. 148,111111111111, 114.

11111 1119111111. ο. 111110111111110111111. 11.

Jacinthe 1111141111 111 91. 1111111111, 1011111 111. 51.

1100111111 111. 0. Kaempseria rotunda 1. 306.

1100111111111111.70. 11111111111007111 111.

Jalappe 1, 194, , Κ11111111111,9011711119111131,

1111111011 111. 117. 111111, ib.

1111171111 111. 43. 1111111107111, 11111111· 111. 39

1111111111, common 1111111111. Κ111100111111111..11. 71,101-
70. 110011 1101,1“1., carbunicam,

11111111,101111111111111. 0. 57, 0111111111. 153, 1111-

111111110111111111170. 1110111111111111 Bor. 1146,

111 ,9111111111 11170. 11111111111101.,67,71111

11110 01011111. 68. ratum 1., 53, spinosum

Jeukboontje· 111. 117. 73, sulphuratnm Bor. 11.

1111111111 111. 14. 88, 1111111111111111.., 7 ,

1011191111111. 5. 11171111101111,65, 111110 ·

1011110011 111 71. ’ 1111, 111.

 

