1101111111 303

1111110111 1111110·

10,11111011 00100111. 1109, 0111101198.

ib„ 110110, 113. ι 01 1101119110 lll. 173.
011,111110011.60 ’ orobanche 111 ,1111101,1’11.,
0111111111111. virginiana, .

0111111111 oleum 1. 113. 010110 91111111101111. 60.
olive, 1110 common 1911901 0101111 vernus 111. 60.
3 116. 019111091110111. 131, rond,
01110111 111. 911115.

0111011001 1. 113. 0191110111, 131. ι
011111 198. 0111160101111101. 1 7.
0111111111 111. 96. 0111011110110111.75,119111110
0111111111111. 118. , 919111111ομ
01710111. 113. 011 111110 111. 113.
¹ 0111111“111““ ¹¹· ²⁶³³ ‘¹⁰ 3111131111 ’11 ‘
’ 011011 10111. 171. 0111111111 11111111 111 80, re·
0110111111 97,19111011,1“0. galis 99

01111111 ¹¹¹· ³⁴² ‘⁰²¹¹’ 31111111111131191
’ 0090111101 111 56. 01101110οὶ0 11. 97.
2 00 0111019111 111. 64. 01101119, 1110101 111. 11, 30.
“ 091109101111111191111197. 01101110101 111.
Ophion-hiza 11111901 111. 90. 0110111101 1111111111ὠο 111.
¹ 0911101 10111110 1011101 10110· 10, 11111190118111011110, ib„

1011111. 115. 1111910010110, 111., 19111-
Ophioxylon serpentum lll. 1010,107.
¹ 115. 01101111011111101, tunde 1·
' 0911111111 11111110100101111 111- 111.
J 99103109009110110101110 39101011919111111181950.

1. we 1 0 . .

³ Opium 911160111111. 116 0119101111001111 151.
¹ 0909111111. 118. 0111111011314.
, Opuntia 111, 97. 011111 1011111111 90111110 1. 7
01111901· l. 116. 119
0111110110 du Levant 111. 14. 011111Ι 1001010111 1. 97, 119.
Orchia 1111110111 1. 156. 01911 1 318. ,
010111010110110 111. 31 ond (1’ 1111110110 111110 lave
010010111111 111. 97. 11. 135, (1111111101υο blanc
Urge 1. 191, des 111111 111. 11011 1111134, (1111110110
0119111118, de (11010 11. blano 9100191111 de 1101110
98. muriamque, 133, 1111111·
0119110111 1. 118, metamus 1110110 11110, 136, 11011110
111. 50, creticum, 98,·1111· 101,113,1100110101,11 ,
1011111.107,11119110,118. os 1101 111101, 113, 111110
01101111 111. 91. de 11010110,’95, (1091111111

 

